0.000000000000000000e+00 9.837293399927093951e-01 -1.913504371749365782e-03
2.083333333333333218e-02 9.923702856976448494e-01 2.583631396350041408e-04
4.166666666666666435e-02 1.005279065106574832e+00 6.638031337225745992e-04
6.250000000000000000e-02 1.019758088964195508e+00 2.989319758172337676e-04
8.333333333333332871e-02 1.028133832958579630e+00 1.747370326358419282e-03
1.041666666666666574e-01 1.018131726402887960e+00 6.896419347528967559e-05
1.250000000000000000e-01 1.005331672854530511e+00 3.737218201487720113e-04
1.458333333333333148e-01 9.881640016977465413e-01 2.060630012835223696e-03
1.666666666666666574e-01 9.978433818544901746e-01 -1.937517736697684772e-03
1.875000000000000000e-01 1.027879088071921077e+00 -5.697816847492111073e-04
2.083333333333333148e-01 1.046998525159958948e+00 1.782698440024082804e-03
2.291666666666666574e-01 1.041744824524589941e+00 1.170161435388853083e-03
2.500000000000000000e-01 1.011781593243486377e+00 8.479751235505879987e-04
2.708333333333333148e-01 9.832743954767645400e-01 1.040813424330597810e-03
2.916666666666666297e-01 9.692406223895865258e-01 4.088327614012776169e-04
3.125000000000000000e-01 9.661533344116718380e-01 2.039496784415339558e-03
3.333333333333333148e-01 9.780569549132465124e-01 4.721989621633973576e-04
3.541666666666666297e-01 9.924586154698866736e-01 2.998338823690981981e-04
3.750000000000000000e-01 1.010702748870935030e+00 1.986983426570540989e-04
3.958333333333333148e-01 1.010978205902646199e+00 2.410799444379825183e-04
4.166666666666666297e-01 9.997086262872211249e-01 -1.446271601019834870e-03
4.375000000000000000e-01 1.006219487872293872e+00 9.633413180791791436e-04
4.583333333333333148e-01 1.016839027676091911e+00 -1.630496672291591479e-04
4.791666666666666297e-01 1.023255773599680118e+00 2.277393872325507353e-03
5.000000000000000000e-01 1.031108302002563093e+00 -9.456308823552862048e-05
5.208333333333332593e-01 1.016747325615801278e+00 5.261478552195707550e-04
5.416666666666666297e-01 1.017920212642928091e+00 3.082527328266680168e-04
5.625000000000000000e-01 1.011730081409181192e+00 -7.819462938865666098e-04
5.833333333333332593e-01 9.978170985807321980e-01 1.240171035648132214e-03
6.041666666666666297e-01 9.747192157466132434e-01 2.381329550700022214e-03
6.250000000000000000e-01 9.658725740984096531e-01 -1.847152457480597353e-05
6.458333333333332593e-01 9.868785244201219164e-01 -3.755984819817778848e-04
6.666666666666666297e-01 1.012730073966410016e+00 -4.437859138192175963e-04
6.875000000000000000e-01 1.024497796078210232e+00 -2.365452366646676654e-03
7.083333333333332593e-01 1.023361479246636563e+00 -2.222664296287656853e-04
7.291666666666666297e-01 1.009501087094775151e+00 3.137476450104049130e-04
7.500000000000000000e-01 9.958814177637999032e-01 1.318447406475353528e-03
7.708333333333332593e-01 9.834774116603630656e-01 1.200059676437409840e-03
7.916666666666666297e-01 9.792240109032755990e-01 -5.206238530458656135e-04
8.125000000000000000e-01 9.961897315452489243e-01 -3.460287434673604444e-04
8.333333333333332593e-01 1.017258950892432345e+00 1.404881632018048759e-03
8.541666666666666297e-01 1.025210508810611598e+00 -2.168298713410989173e-04
8.750000000000000000e-01 1.013216893293347853e+00 -6.375369246945212197e-04
8.958333333333332593e-01 1.006189556775056726e+00 1.740648061792840614e-03
9.166666666666666297e-01 9.945007798270697474e-01 1.296982083813292587e-03
9.375000000000000000e-01 9.971772034919237360e-01 2.348973971782225187e-05
9.583333333333332593e-01 9.952575730444888080e-01 -7.422218097233343297e-04
9.791666666666666297e-01 9.988191828081587342e-01 -2.514850399055886324e-03
1.000000000000000000e+00 9.974094421433115087e-01 7.371295069684048610e-04
1.020833333333333259e+00 1.007964687474436127e+00 -1.120462153190225282e-03
1.041666666666666519e+00 1.002478520560533770e+00 -2.453415011425940078e-03
1.062500000000000000e+00 9.901204009457210686e-01 1.981025659186272381e-03
1.083333333333333259e+00 9.787543703462507905e-01 8.099597387623603834e-04
1.104166666666666519e+00 9.894279262110422524e-01 -1.423760241396206669e-03
1.125000000000000000e+00 1.018049229980085624e+00 -1.518001728699073898e-03
1.145833333333333259e+00 1.037552689797528682e+00 1.088702227714524523e-03
1.166666666666666519e+00 1.037138486600842402e+00 -1.097463270669837799e-03
1.187500000000000000e+00 1.023870228805068505e+00 1.620187334409854121e-03
1.208333333333333259e+00 9.988284178676962721e-01 7.705741407826940947e-04
1.229166666666666519e+00 9.730615061253089504e-01 6.707456507085294206e-04
1.250000000000000000e+00 9.541698890344791906e-01 5.058693195178754192e-04
1.270833333333333259e+00 9.587233179303935593e-01 2.393135900298897238e-04
1.291666666666666519e+00 9.803848515514648199e-01 1.100638998971388170e-03
1.312500000000000000e+00 9.994134605169022745e-01 -5.676004531445064290e-04
1.333333333333333259e+00 1.009724372580123708e+00 1.074399667929808492e-04
1.354166666666666519e+00 1.006493557859219568e+00 9.399332345964946838e-04
1.375000000000000000e+00 1.009741249377654526e+00 7.037371482326597229e-04
1.395833333333333259e+00 1.027657797022511144e+00 -1.493733506585825498e-03
1.416666666666666519e+00 1.027940913994219718e+00 -6.255120841303299243e-04
1.437500000000000000e+00 1.019838936984069466e+00 3.160043817739431799e-04
1.458333333333333259e+00 1.007898426223938326e+00 -5.100183862998711008e-04
1.479166666666666519e+00 9.985468706442320874e-01 2.218323201216666502e-03
1.500000000000000000e+00 9.946643329918785081e-01 -4.914414934426411443e-04
1.520833333333333259e+00 9.790410092331066627e-01 -2.027730594708635685e-04
1.541666666666666519e+00 9.747692398117783208e-01 9.617877227216298014e-04
1.562500000000000000e+00 9.717708903398851739e-01 4.131659290436447010e-04
1.583333333333333259e+00 9.743038659884710739e-01 -1.815930715059615465e-04
1.604166666666666519e+00 9.693733563856218316e-01 -9.456169111009353999e-04
1.625000000000000000e+00 9.551525194134602437e-01 3.768925717459577435e-04
1.645833333333333259e+00 9.421679235159476917e-01 1.298870550472990904e-03
1.666666666666666519e+00 9.295999254900032538e-01 5.988690301227856966e-04
1.687500000000000000e+00 9.220496851464519139e-01 -9.727294018201528654e-04
1.708333333333333259e+00 9.026834116922796136e-01 2.170968696220888349e-03
1.729166666666666519e+00 8.843056891758235283e-01 -1.808222362544867996e-03
1.750000000000000000e+00 8.910797660393393604e-01 -1.978357052253486292e-03
1.770833333333333259e+00 8.954982418360925012e-01 1.200696530571535503e-03
1.791666666666666519e+00 8.890053381095156526e-01 2.823005982533626250e-04
1.812500000000000000e+00 8.760774572896979917e-01 -6.868731828800503586e-04
1.833333333333333259e+00 8.729114797601202902e-01 -1.373213409444162033e-03
1.854166666666666519e+00 8.880599363450042416e-01 2.900999799100372704e-03
1.875000000000000000e+00 8.934670020042945193e-01 1.463635901943024413e-04
1.895833333333333259e+00 9.003806328367813805e-01 6.677514635572143805e-04
1.916666666666666519e+00 9.046721612908263932e-01 3.973563715477270147e-04
1.937500000000000000e+00 9.261586339260764467e-01 5.435099471639473880e-04
1.958333333333333259e+00 9.491882590725871927e-01 6.751180756560074426e-04
1.979166666666666519e+00 9.668318592580991133e-01 9.155300121935953201e-04
2.000000000000000000e+00 9.743977203067933912e-01 -4.690280009508408831e-04
2.020833333333333037e+00 9.899153569613141634e-01 -3.645524829398057425e-04
2.041666666666666519e+00 9.984130932910607603e-01 -2.176278510448626750e-03
2.062500000000000000e+00 1.002593067863786658e+00 -9.753805081269243012e-04
2.083333333333333037e+00 9.963669747227379414e-01 3.388909955583935935e-04
2.104166666666666519e+00 9.758837675265560341e-01 1.306279219378363166e-03
2.125000000000000000e+00 9.701924673808816069e-01 7.487994079702301603e-04
2.145833333333333037e+00 9.727916144750352601e-01 -4.258654298474130783e-04
2.166666666666666519e+00 9.654606443768637414e-01 -1.578966140106442947e-03
2.187500000000000000e+00 9.819827072066812379e-01 -3.471698931784291710e-03
2.208333333333333037e+00 1.002483177480235410e+00 1.439667468475998822e-03
2.229166666666666519e+00 1.032249441053570527e+00 -7.365362331376871987e-04
2.250000000000000000e+00 1.050140194060615428e+00 -5.605812577550741121e-04
2.270833333333333037e+00 1.034690630682804313e+00 1.644674598850858871e-04
2.291666666666666519e+00 1.012850405155417022e+00 -1.756950059239862326e-03
2.312500000000000000e+00 9.966666869074914947e-01 -4.372277251394211047e-04
2.333333333333333037e+00 9.883018654205929510e-01 2.529339937212467596e-03
2.354166666666666519e+00 9.945602170987166701e-01 6.317336732216784819e-04
2.375000000000000000e+00 9.913145874082402997e-01 4.490614456418204857e-04
2.395833333333333037e+00 9.993064090239702768e-01 -1.978118097477198252e-03
2.416666666666666519e+00 9.993278287751496958e-01 2.804502368228300666e-03
2.437500000000000000e+00 9.824889097703286556e-01 -1.778493635782928389e-03
2.458333333333333037e+00 9.656688548349813273e-01 2.402905944305498264e-03
2.479166666666666519e+00 9.626676937839929726e-01 -2.643820018984759362e-03
2.500000000000000000e+00 9.780516598267959827e-01 1.756706798405525526e-03
2.520833333333333037e+00 9.964611681247314001e-01 2.022567836250281983e-03
2.541666666666666519e+00 1.012839187566102694e+00 -1.030511401659793330e-03
2.562500000000000000e+00 1.021852698218396860e+00 5.282254653411034380e-04
2.583333333333333037e+00 1.025810921328025982e+00 6.843507151308313077e-04
2.604166666666666519e+00 1.036407464259757605e+00 -1.017243104039132267e-03
2.625000000000000000e+00 1.035806413019487948e+00 -1.811397013421163016e-03
2.645833333333333037e+00 1.031909243405287446e+00 -1.647146678925956844e-03
2.666666666666666519e+00 1.016760703190398463e+00 6.762602749497596084e-04
2.687500000000000000e+00 1.002033538441490013e+00 -1.063945031492571740e-04
2.708333333333333037e+00 9.781295347639207272e-01 -7.053762916277005754e-04
2.729166666666666519e+00 9.591935838695685446e-01 1.208460013958075323e-03
2.750000000000000000e+00 9.510322118903071775e-01 6.350848867393471585e-04
2.770833333333333037e+00 9.736380340384054310e-01 -9.443284079570417669e-04
2.791666666666666519e+00 1.003671576630554840e+00 -1.501501898771736643e-03
2.812500000000000000e+00 1.027382450865732100e+00 6.540771733600961139e-04
2.833333333333333037e+00 1.031951744037681973e+00 -6.719792106975773982e-04
2.854166666666666519e+00 1.030277966161154080e+00 1.240060781643780377e-04
2.875000000000000000e+00 1.032335538994436863e+00 1.970373715784646922e-03
2.895833333333333037e+00 1.022483151283778424e+00 6.279103000934745625e-04
2.916666666666666519e+00 1.006253699269998858e+00 -1.077833749691545868e-03
2.937500000000000000e+00 9.964480587373260034e-01 2.008264872747160242e-04
2.958333333333333037e+00 9.895690582873890584e-01 -1.190806191019234701e-03
2.979166666666666519e+00 9.883255363987403230e-01 2.010652694935904754e-03
3.000000000000000000e+00 9.881778374733725112e-01 -7.019734370040261150e-04
3.020833333333333037e+00 9.836797429596386699e-01 2.590884337170233252e-04
3.041666666666666519e+00 9.898920779695455918e-01 3.846657183492900090e-04
3.062500000000000000e+00 1.011824182614065926e+00 1.990630854671280594e-04
3.083333333333333037e+00 1.014515144759552845e+00 -2.448186193920673555e-03
3.104166666666666519e+00 1.015315172773722630e+00 -1.808026329979160870e-03
3.125000000000000000e+00 1.016957301739082498e+00 -5.654378444613646732e-04
3.145833333333333037e+00 1.029929239248513539e+00 3.992897916644133237e-04
3.166666666666666519e+00 1.029817770941309663e+00 -1.722240178572133308e-04
3.187500000000000000e+00 1.023038972763819832e+00 -1.196434341438771046e-03
3.208333333333333037e+00 1.011489641705946907e+00 -1.685530398902126146e-03
3.229166666666666519e+00 1.001556017635422124e+00 -5.019469306241795738e-04
3.250000000000000000e+00 1.001933908273557217e+00 -5.855950558496539555e-04
3.270833333333333037e+00 9.885468514721137412e-01 6.410455719909458451e-04
3.291666666666666519e+00 9.785751200325518706e-01 -4.078980776978976663e-04
3.312500000000000000e+00 9.797335320571952666e-01 7.533845705366619232e-04
3.333333333333333037e+00 9.889663171945874964e-01 -7.433122121505067849e-04
3.354166666666666519e+00 9.997977239814821449e-01 -3.199470865178354355e-04
3.375000000000000000e+00 9.879849227987782534e-01 -4.350579745532742672e-04
3.395833333333333037e+00 9.731460879383055929e-01 -9.779587086276122273e-04
3.416666666666666519e+00 9.710932610373745888e-01 7.813983205421627882e-04
3.437500000000000000e+00 9.934757354244844185e-01 -1.016994996368133846e-03
3.458333333333333037e+00 1.010665513730784726e+00 -6.520518874632737216e-04
3.479166666666666519e+00 1.028098134297881439e+00 -9.139955743524654560e-05
3.500000000000000000e+00 1.050298379511144242e+00 -1.621724569945924826e-03
3.520833333333333037e+00 1.055787328722764151e+00 -4.061686979006238932e-04
3.541666666666666519e+00 1.049095989252952332e+00 -8.891329496784857508e-04
3.562500000000000000e+00 1.025716659370740080e+00 -4.851927406028119999e-04
3.583333333333333037e+00 1.006009430061739263e+00 -7.491000333886328353e-05
3.604166666666666519e+00 9.898146635144301486e-01 -9.998920289258309696e-04
3.625000000000000000e+00 9.755317809748541569e-01 -2.750947247754445004e-04
3.645833333333333037e+00 9.566624711003729464e-01 1.635835940440223939e-03
3.666666666666666519e+00 9.320821596378024987e-01 -3.224819781810889219e-05
3.687500000000000000e+00 9.359669907439126524e-01 1.431577716274031039e-03
3.708333333333333037e+00 9.674647910298544984e-01 4.331180525084508980e-04
3.729166666666666519e+00 1.004844900356936632e+00 9.677007622735205039e-04
3.750000000000000000e+00 1.023867802379218261e+00 -9.680737109635323629e-04
3.770833333333333037e+00 1.023510661528902688e+00 1.311339563568908895e-04
3.791666666666666519e+00 1.019345310686833317e+00 1.673911532693448854e-04
3.812500000000000000e+00 1.006165347867984394e+00 -7.657821735936696118e-04
3.833333333333333037e+00 1.003201338503636242e+00 -1.028535405367852259e-03
3.854166666666666519e+00 9.944371306406916133e-01 -1.862831734884122861e-03
3.875000000000000000e+00 1.005060381776821554e+00 1.870174546189540049e-03
3.895833333333333037e+00 1.021427466719015298e+00 -1.215503611690622139e-03
3.916666666666666519e+00 1.021992138397769034e+00 1.682776341527875185e-03
3.937500000000000000e+00 1.017482661267972821e+00 -5.843664670723168128e-04
3.958333333333333037e+00 9.997838881285839863e-01 -1.078116624655917326e-03
3.979166666666666519e+00 9.990593746719799162e-01 7.781489253812470981e-04
4.000000000000000000e+00 9.913153443524816977e-01 -7.889899271835713792e-04
4.020833333333333037e+00 9.733102209075455979e-01 7.105736486553461666e-04
4.041666666666666075e+00 9.651011541386714798e-01 -4.160147060652620078e-04
4.062500000000000000e+00 9.675507639276408334e-01 6.005306201472334227e-04
4.083333333333333037e+00 9.863357382156849873e-01 -1.210232579883881252e-03
4.104166666666666075e+00 9.979999016532246081e-01 1.039188822480960426e-03
4.125000000000000000e+00 1.002123346952967786e+00 6.099658533287557116e-04
4.145833333333333037e+00 1.000329407490632150e+00 -1.149563362578327318e-03
4.166666666666666075e+00 1.000205767831898740e+00 3.303669651268427172e-03
4.187500000000000000e+00 1.001148931311664159e+00 6.751537830006175281e-04
4.208333333333333037e+00 9.936403289728286126e-01 2.863083838163173623e-03
4.229166666666666075e+00 9.758008292462108102e-01 2.000334773435948846e-03
4.250000000000000000e+00 9.635117366852932186e-01 -2.360434752722297645e-04
4.270833333333333037e+00 9.492907135929758988e-01 -5.153396932556786325e-04
4.291666666666666075e+00 9.404926167394601633e-01 -5.043239792760015328e-04
4.312500000000000000e+00 9.223641182929014359e-01 -2.287535688034762673e-03
4.333333333333333037e+00 9.132801300086279550e-01 -8.697938991869342195e-04
4.354166666666666075e+00 9.057004680822996479e-01 3.084575299749632116e-04
4.375000000000000000e+00 8.967493653879221593e-01 1.907446951106010497e-03
4.395833333333333037e+00 8.755662914344750636e-01 -9.659648537227526850e-04
4.416666666666666075e+00 8.588528727250568373e-01 1.102570749203763247e-03
4.437500000000000000e+00 8.475171438928871259e-01 -1.565741676879148919e-03
4.458333333333333037e+00 8.416109044701401976e-01 -7.329000315139154800e-04
4.479166666666666075e+00 8.350851021423822962e-01 -5.720507428619074587e-04
4.500000000000000000e+00 8.350692299695611220e-01 4.647638518718668656e-04
4.520833333333333037e+00 8.577780759168621705e-01 5.716370584010141160e-04
4.541666666666666075e+00 9.027699194053090404e-01 1.202927181017931450e-03
4.562500000000000000e+00 9.311836497473892083e-01 9.635462005061708234e-04
4.583333333333333037e+00 9.405446201595013545e-01 3.039602692531146876e-04
4.604166666666666075e+00 9.411424800460159723e-01 4.879561793857779893e-04
4.625000000000000000e+00 9.472604773439722292e-01 1.985663363871915596e-03
4.645833333333333037e+00 9.686728780416293816e-01 -6.386577265403288158e-04
4.666666666666666075e+00 9.855899919926737196e-01 9.684103988339526868e-04
4.687500000000000000e+00 1.005294285756948902e+00 -2.260179908122814541e-03
4.708333333333333037e+00 1.011062161402067838e+00 5.141678036220107863e-04
4.729166666666666075e+00 1.002897019229016529e+00 -6.040619280988842330e-04
4.750000000000000000e+00 9.789172287867182742e-01 3.213978039387531673e-06
4.770833333333333037e+00 9.580009808954911277e-01 1.300107806317128949e-03
4.791666666666666075e+00 9.547003809519204465e-01 2.058047619079970308e-04
4.812500000000000000e+00 9.785657021434206460e-01 1.106484426511159100e-03
4.833333333333333037e+00 9.996370794617924771e-01 1.842206018923006052e-03
4.854166666666666075e+00 1.005227043815683174e+00 4.863674610821507320e-04
4.875000000000000000e+00 9.946105319864888550e-01 1.463801330775610495e-03
4.895833333333333037e+00 1.002464259226906185e+00 -4.082012220990096653e-04
4.916666666666666075e+00 1.019902366263150562e+00 -1.026235283701755572e-05
4.937500000000000000e+00 1.024280308234690962e+00 -6.532742704980974658e-04
4.958333333333333037e+00 1.031613077442016912e+00 1.303721993307970037e-03
4.979166666666666075e+00 1.026496914782319081e+00 5.176141922419938163e-04
5.000000000000000000e+00 1.016391813303707981e+00 -6.340430773686533007e-04
5.020833333333333037e+00 1.004757330269041793e+00 1.933360420579152358e-04
5.041666666666666075e+00 9.852233959403188246e-01 1.301960486023227316e-03
5.062500000000000000e+00 9.676432770963450114e-01 -4.908498879744148125e-05
5.083333333333333037e+00 9.667650661791414857e-01 -1.186166013562204311e-03
5.104166666666666075e+00 9.768172320964748634e-01 1.648896947342652739e-04
5.125000000000000000e+00 9.983983689262088124e-01 -2.475706988836174662e-03
5.145833333333333037e+00 1.007285967629296453e+00 9.609633054993437125e-04
5.166666666666666075e+00 1.009532858337497618e+00 -5.266594841558506785e-04
5.187500000000000000e+00 1.012837102054377381e+00 -5.866384203488834168e-04
5.208333333333333037e+00 1.014879167126282011e+00 1.094619598474383350e-03
5.229166666666666075e+00 1.003517192180294115e+00 -1.706453596531460866e-03
5.250000000000000000e+00 1.004621826567200227e+00 2.433873303525447424e-03
5.270833333333333037e+00 1.016906179745844740e+00 -6.003025521727792203e-04
5.291666666666666075e+00 1.032716409207945274e+00 -6.540636792311189159e-04
5.312500000000000000e+00 1.027902060258863548e+00 1.276530928958953927e-03
5.333333333333333037e+00 1.004057392463178600e+00 8.858690913880332748e-04
5.354166666666666075e+00 9.852794551402698220e-01 3.064037148843845159e-03
5.375000000000000000e+00 9.794036070236531444e-01 -2.640074795394000188e-04
5.395833333333333037e+00 9.821622187877797616e-01 -1.505082983305121660e-04
5.416666666666666075e+00 9.708528759287727850e-01 -1.849144974954066963e-03
5.437500000000000000e+00 9.708229098537018986e-01 -4.151278466860314513e-04
5.458333333333333037e+00 9.844497778059412285e-01 -9.017891194646947099e-04
5.479166666666666075e+00 1.008869950507846003e+00 -5.609587663818739424e-04
5.500000000000000000e+00 1.020012278392729677e+00 -2.180234695692443835e-03
5.520833333333333037e+00 1.027135381484980181e+00 2.075759449868142675e-03
5.541666666666666075e+00 1.021310376723633562e+00 -1.770754353032050893e-03
5.562500000000000000e+00 1.010625577795771779e+00 -3.502753497989641220e-03
5.583333333333333037e+00 9.994798568603479039e-01 -1.485530526978774083e-03
5.604166666666666075e+00 9.968526954938944362e-01 -7.547994409951887251e-04
5.625000000000000000e+00 1.008704602119474991e+00 -1.436942579071397684e-03
5.645833333333333037e+00 1.020011217068300002e+00 1.372879425915640456e-03
5.666666666666666075e+00 1.037507300184463688e+00 -1.722989732451173193e-04
5.687500000000000000e+00 1.014058940720743651e+00 3.173200550807373389e-05
5.708333333333333037e+00 9.826115536333582812e-01 7.629897053817659598e-04
5.729166666666666075e+00 9.705991015429230595e-01 3.575156587226474818e-04
5.750000000000000000e+00 9.811800879785411711e-01 1.223209121807553685e-03
5.770833333333333037e+00 9.924093089869771012e-01 -1.386846942045181618e-03
5.791666666666666075e+00 9.925832357195333300e-01 -6.843976258492897105e-04
5.812500000000000000e+00 1.005006634925553977e+00 8.324589325869221875e-04
5.833333333333333037e+00 1.005996440983204288e+00 -3.168193077605287351e-03
5.854166666666666075e+00 1.014768415110249400e+00 -1.718980599146550893e-03
5.875000000000000000e+00 1.009010695871786600e+00 6.262402902249333001e-04
5.895833333333333037e+00 1.009709526420326631e+00 -6.003112937436568593e-04
5.916666666666666075e+00 1.006238925091817560e+00 1.170134437637122046e-03
5.937500000000000000e+00 1.008868029828709822e+00 1.011475371066453350e-03
5.958333333333333037e+00 1.000650332120039954e+00 -1.497616100238797739e-03
5.979166666666666075e+00 9.983776865736533335e-01 5.083213593336014489e-04
6.000000000000000000e+00 9.965277916655973511e-01 1.502122319584383095e-03
6.020833333333333037e+00 1.007713179331223508e+00 1.842930020637149001e-04
6.041666666666666075e+00 1.012716833636987612e+00 -1.221831096557336391e-03
6.062500000000000000e+00 1.016664796836694418e+00 1.099237427391712603e-03
6.083333333333333037e+00 1.027273195163073582e+00 7.942806581924943951e-04
6.104166666666666075e+00 1.026868123183955372e+00 6.782634793734954558e-04
6.125000000000000000e+00 1.030384092081745306e+00 8.949236167962396765e-04
6.145833333333333037e+00 1.015051575704524200e+00 -3.743266075284523708e-03
6.166666666666666075e+00 9.815618123546625551e-01 1.101171951351214351e-03
6.187500000000000000e+00 9.620701226649064353e-01 2.260164763223719304e-03
6.208333333333333037e+00 9.601885935916902870e-01 5.457980932866162869e-04
6.229166666666666075e+00 9.741387651382215074e-01 2.409112456246585363e-04
6.250000000000000000e+00 9.817050063292404039e-01 8.705483417392991452e-04
6.270833333333333037e+00 1.002223085255222967e+00 4.227818421063941142e-04
6.291666666666666075e+00 1.016470372689649793e+00 8.147265771257700172e-04
6.312500000000000000e+00 1.031455859763819261e+00 1.838750306763507898e-06
6.333333333333333037e+00 1.036861377964078290e+00 -9.583810681711254402e-04
6.354166666666666075e+00 1.022985875703310343e+00 -1.255403390268266910e-03
6.375000000000000000e+00 1.009196746720975479e+00 -1.247739660289830070e-03
6.395833333333333037e+00 1.003585592370927149e+00 -1.716303188688619169e-03
6.416666666666666075e+00 1.005741528291061337e+00 -1.334677513773883072e-03
6.437500000000000000e+00 1.002507948545787730e+00 2.201582659274828845e-03
6.458333333333333037e+00 1.008283771547567875e+00 9.426195795703034338e-04
6.479166666666666075e+00 1.020921254098649200e+00 -7.812842383558391175e-04
6.500000000000000000e+00 1.014102060152824780e+00 -4.879908674818850939e-04
6.520833333333333037e+00 9.955836612185349210e-01 1.406969136330678781e-04
6.541666666666666075e+00 9.742022534371151954e-01 -8.194312868554476208e-04
6.562500000000000000e+00 9.725071240431523156e-01 8.439607146790607947e-05
6.583333333333333037e+00 9.897742819286940996e-01 9.720051723786400774e-04
6.604166666666666075e+00 1.007611318267928047e+00 -4.467841693521685566e-05
6.625000000000000000e+00 1.013080570008924042e+00 4.200196783274901978e-04
6.645833333333333037e+00 1.008575603527415820e+00 1.108114424199519799e-03
6.666666666666666075e+00 1.002017510884473106e+00 -3.401646950227602689e-04
6.687500000000000000e+00 9.956877734446000217e-01 3.559882489179539648e-04
6.708333333333333037e+00 9.901425751549646215e-01 -3.867219911042017190e-04
6.729166666666666075e+00 9.858164356687156848e-01 -3.566108729302049839e-05
6.750000000000000000e+00 9.995255639448255014e-01 -4.059128313536999920e-04
6.770833333333333037e+00 1.024453848280101331e+00 -6.610873169451440476e-04
6.791666666666666075e+00 1.038550527655850209e+00 2.171398162337793058e-04
6.812500000000000000e+00 1.042488144389507321e+00 7.081816447727655624e-04
6.833333333333333037e+00 1.025425656577245048e+00 1.828805575013053310e-04
6.854166666666666075e+00 1.018939949892220032e+00 6.234086978899150118e-04
6.875000000000000000e+00 1.004073859755040043e+00 -9.224147253015373442e-04
6.895833333333333037e+00 9.816640217108508759e-01 -1.504668990249724255e-03
6.916666666666666075e+00 9.775915857916079865e-01 5.213043787095045060e-04
6.937500000000000000e+00 9.802490532812192514e-01 8.598517389684432041e-04
6.958333333333333037e+00 9.899658155506960711e-01 6.232158324977831007e-05
6.979166666666666075e+00 1.000433053739539613e+00 1.685044725530898506e-03
7.000000000000000000e+00 9.857772909535347239e-01 1.134623497484873360e-03
7.020833333333333037e+00 9.873733653062830573e-01 3.350713550961250536e-03
7.041666666666666075e+00 9.937138456345020465e-01 -2.510106424945819756e-04
7.062500000000000000e+00 1.013044999127833190e+00 -1.248560995119210246e-03
7.083333333333333037e+00 1.019991351815416669e+00 -9.251709884243919293e-04
7.104166666666666075e+00 1.022622757741738830e+00 -7.068722579683204155e-04
7.125000000000000000e+00 1.030823260911860606e+00 5.950392292976431621e-04
7.145833333333333037e+00 1.032895723419926082e+00 -2.697585704951571250e-03
7.166666666666666075e+00 1.022754024386216321e+00 1.648188772613545924e-03
7.187500000000000000e+00 1.001104293045608218e+00 -2.991207389279301786e-04
7.208333333333333037e+00 9.854982112351128309e-01 -3.084919472359397351e-04
7.229166666666666075e+00 9.848352062115922623e-01 -1.349178957531244104e-03
7.250000000000000000e+00 9.892228258186104295e-01 -1.427819393127252579e-04
7.270833333333333037e+00 9.907646883670759852e-01 1.654970958441694112e-05
7.291666666666666075e+00 9.928400788689264456e-01 -1.524311595003465967e-04
7.312500000000000000e+00 1.000904128824229522e+00 4.238240699280380235e-04
7.333333333333333037e+00 1.013839323481424914e+00 -7.370400524387872576e-04
7.354166666666666075e+00 1.004320928704385718e+00 -1.119769700513533958e-03
7.375000000000000000e+00 9.992700626221107107e-01 6.854101631224748499e-04
7.395833333333333037e+00 1.007590544741751692e+00 1.233343172697445834e-04
7.416666666666666075e+00 1.021646786174721822e+00 2.464763189967092319e-04
7.437500000000000000e+00 1.032781512224752563e+00 1.323784068052457925e-03
7.458333333333333037e+00 1.021346620323264842e+00 -1.278205489075856993e-03
7.479166666666666075e+00 1.003950296147094523e+00 -1.069050571563580311e-03
7.500000000000000000e+00 9.887974268789742061e-01 1.571524563536242768e-03
7.520833333333333037e+00 9.780006011837222291e-01 -1.853604196967553177e-03
7.541666666666666075e+00 9.753012757111444442e-01 -1.636765182913767777e-03
7.562500000000000000e+00 9.786810259808663703e-01 1.022327288981244708e-03
7.583333333333333037e+00 9.975979153334562088e-01 2.977502400275482933e-04
7.604166666666666075e+00 1.022216625190397243e+00 1.315401713240948079e-04
7.625000000000000000e+00 1.031488842620981838e+00 -1.145742601254789821e-04
7.645833333333333037e+00 1.023438340622073506e+00 3.908443378446184923e-05
7.666666666666666075e+00 1.012680936985735025e+00 -1.151401433649449008e-04
7.687500000000000000e+00 1.006839048665365333e+00 1.694303378243022925e-03
7.708333333333333037e+00 1.009444133070000138e+00 -4.976851609375938616e-04
7.729166666666666075e+00 1.001427724981738931e+00 -2.017169203472239734e-04
7.750000000000000000e+00 1.002384374619068375e+00 2.243061006531342060e-03
7.770833333333333037e+00 1.004726719573304949e+00 3.438712753729475228e-05
7.791666666666666075e+00 1.013671226233171963e+00 2.790020486906471999e-03
7.812500000000000000e+00 1.013794802418631624e+00 -1.312246262736919392e-04
7.833333333333333037e+00 1.003489119814130026e+00 1.709268728075198120e-03
7.854166666666666075e+00 9.888530460152485935e-01 -2.069180047887097390e-03
7.875000000000000000e+00 9.896541805728044094e-01 1.920555760195829739e-04
7.895833333333333037e+00 9.895344683792540730e-01 -1.980591953938669238e-03
7.916666666666666075e+00 9.776976386294393695e-01 1.055567883255732970e-03
7.937500000000000000e+00 9.853870404069302591e-01 -1.516084770261280981e-03
7.958333333333333037e+00 9.960430921485388112e-01 3.547119429791818941e-04
7.979166666666666075e+00 1.019545579515786615e+00 -3.527448458630438833e-04
8.000000000000000000e+00 1.028547880267651093e+00 -1.447753981480036107e-03
8.020833333333332149e+00 1.016850928063136594e+00 -2.024199978621928249e-03
8.041666666666666075e+00 1.012887306059932380e+00 -6.388005794751372771e-04
8.062500000000000000e+00 1.015292134370466393e+00 2.175786807369163578e-03
8.083333333333332149e+00 1.026609170959150497e+00 -3.668563186117218436e-04
8.104166666666666075e+00 1.017042527903164517e+00 1.146526927644820042e-03
8.125000000000000000e+00 1.006742607577984616e+00 -7.130358457773518200e-05
8.145833333333332149e+00 9.954823667220257244e-01 1.095908467113065497e-03
8.166666666666666075e+00 9.871293488530878957e-01 -2.283639222880647166e-03
8.187500000000000000e+00 9.755682861688718122e-01 -5.039853835619166915e-04
8.208333333333332149e+00 9.783930881991769191e-01 1.186756904741523419e-03
8.229166666666666075e+00 9.930973099584617936e-01 -2.040686860414734250e-04
8.250000000000000000e+00 1.020278951615129159e+00 -1.080691033888089191e-04
8.270833333333332149e+00 1.030226555491696283e+00 -5.380773898572411944e-04
8.291666666666666075e+00 1.018514284566466532e+00 1.436724229208905012e-03
8.312500000000000000e+00 9.970848592399923493e-01 3.718929424436824170e-04
8.333333333333332149e+00 9.833195652125751307e-01 5.502784521918496579e-05
8.354166666666666075e+00 9.837899037416173442e-01 8.038181816741159441e-04
8.375000000000000000e+00 9.967001684340082157e-01 7.352811613974208826e-04
8.395833333333332149e+00 1.010507221031507141e+00 2.657338080469207552e-04
8.416666666666666075e+00 1.026340261351450511e+00 1.933789371238555732e-03
8.437500000000000000e+00 1.045995917218376370e+00 -7.535941704889880075e-05
8.458333333333332149e+00 1.038496417572202457e+00 3.476013099599299639e-04
8.479166666666666075e+00 1.008649912618353239e+00 -8.036906916911131567e-04
8.500000000000000000e+00 9.846414707655797294e-01 1.876440337576615097e-04
8.520833333333332149e+00 9.812074469158436063e-01 1.984701904681709494e-03
8.541666666666666075e+00 9.918263563382587744e-01 -8.040720022359235455e-04
8.562500000000000000e+00 1.006546289765767321e+00 -1.416991032048073654e-03
8.583333333333332149e+00 1.004576864985293305e+00 1.245949553524769524e-03
8.604166666666666075e+00 1.002716086563666398e+00 -1.859576902920990842e-04
8.625000000000000000e+00 1.004311341435723870e+00 1.200052562122125115e-04
8.645833333333332149e+00 9.947227137027172539e-01 -5.639162961666851701e-05
8.666666666666666075e+00 9.880284464490175500e-01 9.890215491191884636e-05
8.687500000000000000e+00 9.917886660735821813e-01 1.063163354404297791e-03
8.708333333333332149e+00 1.008211140921725146e+00 -1.048905238249092046e-03
8.729166666666666075e+00 1.017415409132411463e+00 -1.264717605131860691e-03
8.750000000000000000e+00 1.014715573687711592e+00 1.062101712971345863e-04
8.770833333333332149e+00 1.014672246281377532e+00 -2.008049611812290965e-03
8.791666666666666075e+00 1.019133841923064665e+00 -1.716316920052410626e-03
8.812500000000000000e+00 1.035752244117756238e+00 2.333353935414533842e-03
8.833333333333332149e+00 1.029560613652880319e+00 9.468354125767549159e-04
8.854166666666666075e+00 1.009862155433773667e+00 -1.257058983626817270e-05
8.875000000000000000e+00 9.956025397053424042e-01 1.547508669948049684e-03
8.895833333333332149e+00 9.835220846639315395e-01 -1.300749037606431339e-03
8.916666666666666075e+00 9.898240593401854692e-01 -3.945039042323227941e-04
8.937500000000000000e+00 9.857942377362843844e-01 7.793170117804780342e-04
8.958333333333332149e+00 9.756200779487346209e-01 1.113339601789243519e-03
8.979166666666666075e+00 9.739006741034956782e-01 6.411460585347204637e-04
9.000000000000000000e+00 9.905808400453313123e-01 -3.176548509610281016e-03
9.020833333333332149e+00 1.004234045302537792e+00 -1.210102647080722564e-03
9.041666666666666075e+00 1.018368746577252848e+00 5.963351154460815430e-04
9.062500000000000000e+00 1.040211968267508391e+00 -4.449393663085079303e-04
9.083333333333332149e+00 1.051523956706843288e+00 3.175289525948964478e-03
9.104166666666666075e+00 1.038415085769068824e+00 1.158197876208870566e-03
9.125000000000000000e+00 1.012534468471656179e+00 6.976023507733323300e-04
9.145833333333332149e+00 9.877471863059673618e-01 -1.396186942183404427e-03
9.166666666666666075e+00 9.829709171041232096e-01 -4.412092450364444739e-05
9.187500000000000000e+00 9.885913914781910838e-01 3.015049552736906273e-04
9.208333333333332149e+00 9.945099230614911079e-01 1.409729537659753064e-03
9.229166666666666075e+00 9.932581595237649497e-01 1.101413871374540537e-03
9.250000000000000000e+00 9.970131924072006546e-01 1.291236493149931991e-03
9.270833333333332149e+00 1.000760158827626922e+00 -1.154890019762502612e-03
9.291666666666666075e+00 1.003668329270724247e+00 1.765189622873288662e-03
9.312500000000000000e+00 9.968659576693529312e-01 -1.725538440384086604e-03
9.333333333333332149e+00 1.001459515724866023e+00 -6.698932020827023156e-04
9.354166666666666075e+00 1.018910275258535281e+00 5.384639186820518566e-04
9.375000000000000000e+00 1.029288533247372461e+00 -1.873644896664241385e-04
9.395833333333332149e+00 1.027892886531399874e+00 -1.257546072400489478e-03
9.416666666666666075e+00 1.006263200232740518e+00 -1.026937282003915781e-03
9.437500000000000000e+00 9.884091410244856268e-01 -1.935317903561303019e-03
9.458333333333332149e+00 9.846349337443733862e-01 6.649682987589891668e-04
9.479166666666666075e+00 9.952079016528206923e-01 1.575711056302686727e-03
9.500000000000000000e+00 1.000942827822545178e+00 -1.254918792517075289e-04
9.520833333333332149e+00 1.011772692106418736e+00 -5.004360187667792996e-04
9.541666666666666075e+00 1.027922816861515098e+00 -1.840403660583112087e-03
9.562500000000000000e+00 1.020857114310054881e+00 1.141502405315222108e-03
9.583333333333332149e+00 9.988540786513927516e-01 2.764130416549366240e-03
9.604166666666666075e+00 9.822514237033511675e-01 -2.246819755458622034e-03
9.625000000000000000e+00 9.881802468201446032e-01 -1.329291172693258588e-03
9.645833333333332149e+00 1.004676748132711017e+00 -8.494913031801801413e-04
9.666666666666666075e+00 1.008351821422998729e+00 -7.053973871031112529e-04
9.687500000000000000e+00 1.009010380134891749e+00 2.841824376793512688e-04
9.708333333333332149e+00 9.974723319724704274e-01 2.017811934100284098e-03
9.729166666666666075e+00 1.005978497315807019e+00 1.260746608575129615e-03
9.750000000000000000e+00 1.009544703373260077e+00 6.594967284678949224e-04
9.770833333333332149e+00 1.009681202423118984e+00 -9.049108800732526443e-04
9.791666666666666075e+00 9.895262464554522852e-01 -1.399535292100568054e-03
9.812500000000000000e+00 9.851514089464994406e-01 -9.959691328828761212e-04
9.833333333333332149e+00 9.893611461448318378e-01 1.935083501723423426e-03
9.854166666666666075e+00 9.983787993451203047e-01 -7.717912682237634554e-05
9.875000000000000000e+00 1.017525529963889896e+00 -5.585453170782765306e-04
9.895833333333332149e+00 1.029856431538439310e+00 -2.296946628124903178e-04
9.916666666666666075e+00 1.037936450955167178e+00 1.030772774548084636e-03
9.937500000000000000e+00 1.023556009763924912e+00 -1.641062093187239598e-03
9.958333333333332149e+00 1.008930917597946397e+00 1.768592669903028053e-03
9.979166666666666075e+00 9.950861135336410701e-01 1.955953211828737135e-04
1.000000000000000000e+01 9.985730371396487337e-01 -2.704299728696576456e-04
1.002083333333333215e+01 1.003080944056574442e+00 5.535576421834237197e-04
1.004166666666666607e+01 9.879838681619202978e-01 2.729963414124212968e-04
1.006250000000000000e+01 9.716784513953561353e-01 -4.302455705842265664e-04
1.008333333333333215e+01 9.702105892564726330e-01 -3.158883400520083704e-04
1.010416666666666607e+01 9.757103691779850374e-01 -1.086078183582440352e-03
1.012500000000000000e+01 1.006264747761167699e+00 8.204884385741280459e-04
1.014583333333333215e+01 1.018235285534295986e+00 -6.649922617639523028e-04
1.016666666666666607e+01 1.027356438875152378e+00 -1.195323028040353548e-03
1.018750000000000000e+01 1.037768526098303390e+00 2.073294033169216554e-04
1.020833333333333215e+01 1.035888871645351816e+00 1.661426603431941703e-03
1.022916666666666607e+01 1.023474521783114488e+00 -6.043077972477452241e-05
1.025000000000000000e+01 1.006013417438430535e+00 -7.601265711896123926e-04
1.027083333333333215e+01 9.938797608941716266e-01 5.048700260449673263e-04
1.029166666666666607e+01 9.968360696582235780e-01 2.420890578003190210e-03
1.031250000000000000e+01 9.931147653037880607e-01 -1.814881911789684296e-03
1.033333333333333215e+01 9.941659991739352220e-01 4.777534847316170191e-04
1.035416666666666607e+01 9.995168733908011971e-01 2.563582815398172715e-04
1.037500000000000000e+01 1.003709388191557306e+00 1.451917254448896466e-03
1.039583333333333215e+01 1.001931271195566353e+00 1.238636467106056516e-03
1.041666666666666607e+01 9.875749926197830986e-01 -2.333863897622240465e-04
1.043750000000000000e+01 9.744042811722116726e-01 -2.105646569281103674e-03
1.045833333333333215e+01 9.822621088784490029e-01 1.008204709870324589e-03
1.047916666666666607e+01 9.954211000161390377e-01 -1.043990862739353981e-03
1.050000000000000000e+01 1.007785295593244479e+00 -1.183425513696486926e-03
1.052083333333333215e+01 1.014134352484163282e+00 1.435438225863907907e-03
1.054166666666666607e+01 1.023379541135664317e+00 -1.138562972048315618e-03
1.056250000000000000e+01 1.040208057394357732e+00 1.753555925125304229e-03
1.058333333333333215e+01 1.044640590728569629e+00 4.198059017566412921e-04
1.060416666666666607e+01 1.028428280311951548e+00 3.988980001078529778e-04
1.062500000000000000e+01 9.914702124012202411e-01 3.840809756319887944e-04
1.064583333333333215e+01 9.679935257757716904e-01 -2.048029532177240031e-03
1.066666666666666607e+01 9.593261189069934858e-01 -2.220485770433219732e-03
1.068750000000000000e+01 9.719042572131442181e-01 2.694413172358560036e-04
1.070833333333333215e+01 9.943645146929297463e-01 7.100091990330251396e-04
1.072916666666666607e+01 1.012141568783766044e+00 1.032637901952512637e-04
1.075000000000000000e+01 1.015940216669959817e+00 -1.026918146274409397e-03
1.077083333333333215e+01 1.003056853848887542e+00 2.365262985274342028e-05
1.079166666666666607e+01 9.817814487396079315e-01 -1.025426914318551931e-04
1.081250000000000000e+01 9.835998810762363043e-01 -1.196447622844262933e-03
1.083333333333333215e+01 1.001296256895371606e+00 1.267465192640201705e-03
1.085416666666666607e+01 1.026227045095163160e+00 -2.162845076937607372e-03
1.087500000000000000e+01 1.030713869563224749e+00 7.359280085093830364e-04
1.089583333333333215e+01 1.018807071662944486e+00 4.804042565140566627e-04
1.091666666666666607e+01 1.006476986026831222e+00 1.262139818514643012e-03
1.093750000000000000e+01 9.976981904014465830e-01 -1.256639840436073532e-03
1.095833333333333215e+01 9.987736452912165941e-01 1.267589333352637658e-04
1.097916666666666607e+01 9.930476783880484160e-01 2.713956186647707280e-03
1.100000000000000000e+01 9.796098755222186760e-01 8.275928612496329584e-04
1.102083333333333215e+01 9.924283287884377858e-01 1.257265109112039910e-04
1.104166666666666607e+01 9.910001564254635742e-01 6.739515926427457494e-04
1.106250000000000000e+01 9.959769273174474691e-01 1.077210529751500311e-04
1.108333333333333215e+01 9.919351487923739885e-01 2.738622516549800347e-03
1.110416666666666607e+01 9.891688550538797475e-01 1.229545244736474433e-03
1.112500000000000000e+01 9.910219925906381677e-01 -1.070186927881213557e-04
1.114583333333333215e+01 9.931427791755447210e-01 3.154142892306515539e-04
1.116666666666666607e+01 9.882856176990080233e-01 -4.884974951012670133e-04
1.118750000000000000e+01 9.833502927243298330e-01 1.512312658012881193e-03
1.120833333333333215e+01 9.782917289045671705e-01 -1.757630964238763530e-03
1.122916666666666607e+01 9.623368860913162903e-01 -2.005923162326233786e-03
1.125000000000000000e+01 9.316950751551372756e-01 1.823393437094991904e-03
1.127083333333333215e+01 8.963729024096587228e-01 2.691399740713228302e-03
1.129166666666666607e+01 8.843132946311121900e-01 5.853811346119896846e-04
1.131250000000000000e+01 8.898559272326121983e-01 1.409224265446715760e-04
1.133333333333333215e+01 8.864915146289510384e-01 8.215846128809716539e-04
1.135416666666666607e+01 8.820672535265958736e-01 -8.088169079784491167e-04
1.137500000000000000e+01 8.834200473239035567e-01 2.140544314402656283e-04
1.139583333333333215e+01 8.766657679351567145e-01 4.863588232026879224e-05
1.141666666666666607e+01 8.842852004207175654e-01 7.832053134317007665e-04
1.143750000000000000e+01 8.703043304526274504e-01 -1.947498160229245434e-03
1.145833333333333215e+01 8.688905395325481340e-01 -6.337934622066718161e-04
1.147916666666666607e+01 8.864656444300904603e-01 1.056244503751046539e-03
1.150000000000000000e+01 9.224657066035349962e-01 -8.444922845375787924e-04
1.152083333333333215e+01 9.490682190234595028e-01 -1.241701719278919197e-03
1.154166666666666607e+01 9.608353328123633297e-01 2.552590187283692441e-03
1.156250000000000000e+01 9.655301981701238656e-01 4.764750022425045568e-05
1.158333333333333215e+01 9.515584257730129725e-01 -7.236476749290098216e-04
1.160416666666666607e+01 9.542224953026046119e-01 -2.115463046842635392e-03
1.162500000000000000e+01 9.580284983260834997e-01 9.116829328505327446e-04
1.164583333333333215e+01 9.861946874061162660e-01 8.739201921483672397e-04
1.166666666666666607e+01 1.030965792602014375e+00 -3.734495007124199670e-04
1.168750000000000000e+01 1.048422246742939823e+00 -1.377787738633863383e-03
1.170833333333333215e+01 1.036395301784908352e+00 -3.068677955297379248e-05
1.172916666666666607e+01 9.934195251145536698e-01 -1.044820084352026789e-03
1.175000000000000000e+01 9.641222646319616008e-01 -1.177616986091394990e-03
1.177083333333333215e+01 9.597141980120014182e-01 -1.290159393271344775e-04
1.179166666666666607e+01 9.717723838068139663e-01 -1.314237998325080807e-03
1.181250000000000000e+01 9.878748797343126498e-01 3.083111940655577552e-04
1.183333333333333215e+01 9.999243013338158237e-01 7.599906367579965837e-04
1.185416666666666607e+01 1.010389157371939239e+00 -1.049540558966489262e-03
1.187500000000000000e+01 1.007540682433876400e+00 -1.710306369172988382e-03
1.189583333333333215e+01 9.850041636143119783e-01 1.951599498694758924e-03
1.191666666666666607e+01 9.724829141323714232e-01 -1.175337794946506014e-03
1.193750000000000000e+01 9.747826486975524896e-01 -8.249283813779221359e-04
1.195833333333333215e+01 9.934057021707016766e-01 2.662714592873591745e-04
1.197916666666666607e+01 1.013348379174856762e+00 7.492117156528713346e-04
1.200000000000000000e+01 1.026891666813964710e+00 -3.203961171120534804e-04
1.202083333333333215e+01 1.034635780866945076e+00 5.759929096265694855e-04
1.204166666666666607e+01 1.039996975303528082e+00 -5.012326973705012994e-04
1.206250000000000000e+01 1.032317347814426078e+00 -1.213963331030488372e-03
1.208333333333333215e+01 9.974699541437332950e-01 1.782896075983784329e-03
1.210416666666666607e+01 9.717425076293751962e-01 3.110552017913910307e-03
1.212500000000000000e+01 9.572448442341919828e-01 2.119961916267711511e-03
1.214583333333333215e+01 9.645802091764860142e-01 1.772582989418180664e-04
1.216666666666666607e+01 9.671685568889576423e-01 2.291794202269597982e-03
1.218750000000000000e+01 9.731754249081289165e-01 4.446293946549805583e-04
1.220833333333333215e+01 9.879519051098379911e-01 -5.966078380040366891e-04
1.222916666666666607e+01 1.013475249569401271e+00 5.829744679774736052e-04
1.225000000000000000e+01 1.030904014758220688e+00 -1.179906330139811988e-04
1.227083333333333215e+01 1.027428239204255078e+00 -1.228897729682134655e-03
1.229166666666666607e+01 1.028706414136972169e+00 -1.122902464290019900e-03
1.231250000000000000e+01 1.022014813829178026e+00 1.002564673425644952e-03
1.233333333333333215e+01 1.015546583326472074e+00 -2.308164977080841285e-03
1.235416666666666607e+01 1.002661460884624933e+00 7.551709255533551983e-04
1.237500000000000000e+01 9.917090811738741296e-01 -2.036979503435547983e-03
1.239583333333333215e+01 9.850713615954425073e-01 -2.651470556128045046e-03
1.241666666666666607e+01 9.876005501495942474e-01 -2.298558254698123294e-03
1.243750000000000000e+01 9.946748880195492859e-01 2.458454964918424784e-03
1.245833333333333215e+01 9.948920134033786278e-01 -2.452924561794274936e-04
1.247916666666666607e+01 1.001155420803682583e+00 1.082289752067738629e-04
1.452083333333333215e+01 9.962212999217229248e-01 1.774068807388689065e-03
1.454166666666666607e+01 1.006441246093385145e+00 1.167724685624655983e-03
1.456250000000000000e+01 1.014215460239350497e+00 -1.739381586755274489e-03
1.458333333333333215e+01 1.019214435538059460e+00 1.086257928523451464e-03
1.460416666666666607e+01 1.005093257819803743e+00 2.302265808794328665e-04
1.462500000000000000e+01 9.947313258617582754e-01 -4.270976219948507328e-04
1.464583333333333215e+01 9.876004255129700038e-01 3.036364267222548601e-05
1.466666666666666607e+01 9.785469206812313914e-01 1.599765025785027496e-03
1.468750000000000000e+01 9.826985926942480853e-01 -1.107458102551191030e-03
1.470833333333333215e+01 9.911712023629818402e-01 5.011070988801514473e-04
1.472916666666666607e+01 1.003310719182662236e+00 -1.207154566613543190e-05
1.475000000000000000e+01 1.011398952610200297e+00 -2.246455769244523181e-03
1.477083333333333215e+01 1.009011709884203079e+00 -1.002816464663513520e-03
1.479166666666666607e+01 1.001912151621976443e+00 2.415169415421205786e-04
1.481250000000000000e+01 1.004562540122030834e+00 1.621677611366113304e-03
1.483333333333333215e+01 1.016202637008378762e+00 1.251663771683411914e-03
1.485416666666666607e+01 1.011519069256441972e+00 7.465156305042812759e-04
1.487500000000000000e+01 9.911866931843857920e-01 -1.019094576420573285e-03
1.489583333333333215e+01 9.779526124952095945e-01 2.251517488510668737e-03
1.491666666666666607e+01 9.780855454660903892e-01 2.690505845495143235e-04
1.493750000000000000e+01 1.007267881938604503e+00 -1.257956902098187994e-03
1.495833333333333215e+01 1.026534565856752623e+00 -2.286312260711887605e-04
1.497916666666666607e+01 1.037453459892609287e+00 1.120310531695199166e-03
1.500000000000000000e+01 1.036844469127728319e+00 9.521872897697634643e-06
1.502083333333333215e+01 1.025273637864904552e+00 1.108580858228451265e-03
1.504166666666666607e+01 1.001699090285963489e+00 1.379617446827687780e-03
1.506250000000000000e+01 9.839462455307306232e-01 5.006633557483827247e-04
1.508333333333333215e+01 9.794590554750519651e-01 -1.072128278808617569e-03
1.510416666666666607e+01 9.791267615997846230e-01 1.693183289874756700e-04
1.512500000000000000e+01 9.821458718867241977e-01 5.645731992353875638e-05
1.514583333333333215e+01 9.772115757649846302e-01 2.324182917314535253e-03
1.516666666666666607e+01 9.805929893499166772e-01 -2.032902422283537625e-03
1.518750000000000000e+01 9.978144348906460293e-01 -1.685280638679425745e-04
1.520833333333333215e+01 1.014954925227970595e+00 -7.301169334936491884e-04
1.522916666666666607e+01 1.021385001463822384e+00 4.188820252449986154e-04
1.525000000000000000e+01 1.018520555931229810e+00 -3.046955448999195092e-03
1.527083333333333215e+01 1.013120698333732861e+00 1.393655699362849904e-03
1.529166666666666607e+01 1.021604942755919510e+00 1.718560916941707051e-05
1.531250000000000000e+01 1.025213742030015140e+00 -2.305876454535057702e-03
1.533333333333333215e+01 1.018189109421780758e+00 -4.513914184248326395e-04
1.535416666666666607e+01 1.004363572878967936e+00 7.612029270681553101e-04
1.537500000000000000e+01 1.006145079859229297e+00 -1.989309844322539270e-03
1.539583333333333215e+01 1.007278244987892313e+00 4.027770553944623863e-06
1.541666666666666607e+01 9.974092032472325897e-01 -1.321842059751912558e-03
1.543750000000000000e+01 9.865774608535244905e-01 -6.949812898487091675e-04
1.545833333333333215e+01 9.839923372894224807e-01 3.342297834329616666e-05
1.547916666666666607e+01 9.913620168937201660e-01 2.293128169769703846e-04
1.550000000000000000e+01 9.946955724776224139e-01 -5.884281227284090306e-04
1.552083333333333215e+01 9.979636090807373350e-01 3.409954869128301752e-04
1.554166666666666607e+01 1.010361363489269193e+00 1.022472009068507194e-03
1.556250000000000000e+01 1.015572098996896599e+00 -3.486428438790497284e-04
1.558333333333333215e+01 1.008551265250538176e+00 1.789459696811613590e-03
1.560416666666666607e+01 1.002345762228328052e+00 1.827767713475524428e-03
1.562500000000000000e+01 9.914116146501891214e-01 -5.358775819822860723e-04
1.564583333333333215e+01 9.945396455134011271e-01 -7.973006955919804181e-04
1.566666666666666607e+01 1.007622055947714257e+00 -2.080216231457716891e-03
1.568750000000000000e+01 1.009157831865435062e+00 -1.582116645492373150e-04
1.570833333333333215e+01 9.967230237630069212e-01 -4.542972251450642582e-04
1.572916666666666607e+01 9.957012575807021593e-01 9.738140251662394647e-04
1.575000000000000000e+01 1.009183809794125253e+00 -1.887077007585373544e-03
1.577083333333333215e+01 1.030948605570693788e+00 -3.467392396788872939e-04
1.579166666666666607e+01 1.038282712947560249e+00 1.210930491388931751e-03
1.581250000000000000e+01 1.031769087258595841e+00 -9.129463694474499380e-04
1.583333333333333215e+01 1.010947948021271525e+00 -9.529519209095116839e-04
1.585416666666666607e+01 9.897642299543673028e-01 -1.808675418444760652e-03
1.587500000000000000e+01 9.738247571210879583e-01 3.275717307522799365e-03
1.589583333333333215e+01 9.703589602057286490e-01 -9.343414725817242869e-04
1.591666666666666607e+01 9.830329562266617582e-01 -1.625433540272923968e-03
1.593750000000000000e+01 9.917972632086533569e-01 -1.004813005039399904e-03
1.595833333333333215e+01 1.003944301067439149e+00 -9.678688506085057069e-04
1.597916666666666607e+01 9.935152448397239766e-01 -3.367372230640503969e-04
1.600000000000000000e+01 9.831888301002106312e-01 1.031715290109393428e-03
1.602083333333333215e+01 9.908238359723759991e-01 -3.729039612447921552e-04
1.604166666666666430e+01 1.008902886261188625e+00 -1.153529143746034966e-03
1.606250000000000000e+01 1.019471934444936334e+00 -1.814173122738781466e-03
1.608333333333333215e+01 1.019819524446790249e+00 2.732169777483921594e-05
1.610416666666666430e+01 1.021714380284170609e+00 5.317384253723840282e-05
1.612500000000000000e+01 1.039495187721793501e+00 1.913665438786030888e-03
1.614583333333333215e+01 1.045652501691316738e+00 1.155596693372607295e-04
1.616666666666666430e+01 1.028485411329876476e+00 -1.237603891050967158e-04
1.618750000000000000e+01 9.996029952897028670e-01 -1.313317295734361956e-03
1.620833333333333215e+01 9.820853862651937050e-01 -3.824407188729898942e-04
1.622916666666666430e+01 9.704833200544020766e-01 -5.480930725432575732e-04
1.625000000000000000e+01 9.695093289948960580e-01 -4.627052056421282131e-04
1.627083333333333215e+01 9.753427531503489067e-01 -1.199069240800735344e-03
1.629166666666666430e+01 9.914464037090795490e-01 6.729120040952210266e-04
1.631250000000000000e+01 1.025926119792451408e+00 -1.780567718867117244e-04
1.633333333333333215e+01 1.021742997037951906e+00 -2.504418500062342455e-04
1.635416666666666430e+01 1.011481614858259048e+00 -2.142557645061245533e-03
1.637500000000000000e+01 1.001178792925296879e+00 6.170551094060798243e-04
1.639583333333333215e+01 9.929942384842372904e-01 6.087691574754742823e-04
1.641666666666666430e+01 1.002202093813554074e+00 -1.048911753552767088e-03
1.643750000000000000e+01 1.004393843847463774e+00 1.237651729848992209e-03
1.645833333333333215e+01 1.011183365549195079e+00 -1.705947787603040488e-03
1.647916666666666430e+01 1.022979589257785760e+00 -2.733738598634984237e-05
1.650000000000000000e+01 1.029357275655684578e+00 -3.390091748627048615e-04
1.652083333333333215e+01 1.011778694243688159e+00 -1.646468486007243021e-03
1.654166666666666430e+01 9.878442773434715773e-01 2.371282650999946876e-04
1.656250000000000000e+01 9.811802787976467988e-01 2.128212690302239401e-03
1.658333333333333215e+01 9.977737634768156783e-01 8.454278758364970993e-05
1.660416666666666430e+01 1.012300958392060579e+00 -5.787771926363137389e-04
1.662500000000000000e+01 1.017083988195634392e+00 5.587801961070978322e-04
1.664583333333333215e+01 1.003582926366935579e+00 1.321499943339436852e-04
1.666666666666666430e+01 9.917113965125935460e-01 3.470266453187686035e-05
1.668750000000000000e+01 9.844910627458365315e-01 -5.319277659643100635e-04
1.670833333333333215e+01 9.969716503993918399e-01 1.777469449115580934e-03
1.672916666666666430e+01 1.011386278377530923e+00 5.704542043509817440e-04
1.675000000000000000e+01 1.030694895180197967e+00 -6.608383236693606997e-04
1.677083333333333215e+01 1.046256995976042603e+00 -1.350047959761974266e-04
1.679166666666666430e+01 1.030816199533568511e+00 -9.260833802550908324e-04
1.681250000000000000e+01 9.935077040028190698e-01 -7.603639376018687685e-04
1.683333333333333215e+01 9.656300298389131065e-01 -8.009071552377487703e-04
1.685416666666666430e+01 9.579060697789222312e-01 -1.417889492152784323e-03
1.687500000000000000e+01 9.784378845843771932e-01 9.715962047099443348e-04
1.689583333333333215e+01 1.005247248003264149e+00 -3.638018290912821960e-04
1.691666666666666430e+01 1.016433222854794316e+00 6.926594729084621562e-04
1.693750000000000000e+01 1.024648103462340476e+00 -8.376573721591205847e-04
1.695833333333333215e+01 1.030971681983786636e+00 -7.545311799042331020e-05
1.697916666666666430e+01 1.027265546844425392e+00 -8.888007459888890710e-04
1.700000000000000000e+01 1.002591150773356254e+00 8.995852131716646199e-04
1.702083333333333215e+01 9.858340921299280080e-01 -3.105241333812977706e-04
1.704166666666666430e+01 9.886235231666602452e-01 -9.135919824392323444e-04
1.706250000000000000e+01 1.010239689701311283e+00 -2.052129036012230283e-03
1.708333333333333215e+01 1.028003766480868331e+00 3.445831866759680091e-04
1.710416666666666430e+01 1.032229279554070622e+00 -8.854813154226338955e-04
1.712500000000000000e+01 1.028537898852055710e+00 -1.972402140124396622e-05
1.714583333333333215e+01 1.009516597928060477e+00 -6.146626350169095846e-04
1.716666666666666430e+01 9.829958105390158574e-01 1.192736976123456166e-03
1.718750000000000000e+01 9.509241609404577300e-01 6.801809404475099704e-04
1.720833333333333215e+01 9.444664964649571726e-01 5.590151093185394097e-04
1.722916666666666430e+01 9.698762899820592143e-01 -7.701514041543490452e-04
1.725000000000000000e+01 1.011190984043719432e+00 5.828625544377368959e-04
1.727083333333333215e+01 1.038806849586057846e+00 2.143539510845053619e-03
1.729166666666666430e+01 1.038870078716833012e+00 -1.040232542687577477e-03
1.731250000000000000e+01 1.033699401892375302e+00 2.154239240364859865e-04
1.733333333333333215e+01 1.003527890896962038e+00 -2.061521218021415344e-03
1.735416666666666430e+01 9.937312917692738834e-01 1.748202615156919460e-03
1.737500000000000000e+01 9.827510233267050532e-01 -4.973901232385517486e-04
1.739583333333333215e+01 9.997225518810783917e-01 9.782236010524717525e-04
1.741666666666666430e+01 1.025524523380008102e+00 -2.154035313395403703e-03
1.743750000000000000e+01 1.041934743471572444e+00 2.246924233907380847e-03
1.745833333333333215e+01 1.029489840601016448e+00 -4.460894100319980917e-04
1.747916666666666430e+01 1.005198506004394865e+00 6.820716543375343740e-04
1.750000000000000000e+01 9.765926448062060006e-01 1.885227579157422602e-04
1.752083333333333215e+01 9.722804554898101248e-01 -3.193384827347117531e-04
1.754166666666666430e+01 9.870073614138756835e-01 2.107240378324129644e-03
1.756250000000000000e+01 1.000363882910908497e+00 -2.060057757957724917e-03
1.758333333333333215e+01 1.015371698741765583e+00 3.733920749900111681e-04
1.760416666666666430e+01 1.015066374371459634e+00 1.138307090287462913e-03
1.762500000000000000e+01 1.011246564398205372e+00 -3.732015204545782993e-05
1.764583333333333215e+01 9.913436422345348609e-01 -1.477134804582397624e-04
1.766666666666666430e+01 9.712994690078263771e-01 -1.783596400918312957e-04
1.768750000000000000e+01 9.846765730078697043e-01 -1.534545525513010067e-03
1.770833333333333215e+01 1.009830077511951751e+00 4.765923011866831445e-05
1.772916666666666430e+01 1.021157719059294200e+00 6.408969043404983855e-04
1.775000000000000000e+01 1.025348532751821695e+00 8.574903435082565934e-05
1.777083333333333215e+01 1.023052033041411235e+00 -3.403451264313507758e-04
1.779166666666666430e+01 1.019835704142282973e+00 -6.121562779662834391e-04
1.781250000000000000e+01 1.018166732430282106e+00 -3.491208365979651842e-04
1.783333333333333215e+01 1.003636336476707136e+00 1.572180271870047804e-03
1.785416666666666430e+01 9.986812134193104873e-01 -2.608293724275678304e-03
1.787500000000000000e+01 1.004465039784586899e+00 5.008932068471931993e-05
1.789583333333333215e+01 1.014289540332884654e+00 -4.096936466205209444e-04
1.791666666666666430e+01 1.012332259253964528e+00 1.819759939796054349e-03
1.793750000000000000e+01 1.004369853584444749e+00 6.936528180475346654e-05
1.795833333333333215e+01 9.914063448752942209e-01 1.856156998374942696e-03
1.797916666666666430e+01 9.905992244826544724e-01 -2.654862522556949121e-03
1.800000000000000000e+01 9.861142002759043512e-01 5.744811310425701912e-04
1.802083333333333215e+01 9.839343076760496132e-01 3.500723250471001759e-04
1.804166666666666430e+01 9.816864807800259607e-01 1.738167458842422705e-03
1.806250000000000000e+01 9.995848858827732775e-01 -2.051685761028786571e-03
1.808333333333333215e+01 1.022052134276112634e+00 -1.937947601479072472e-04
1.810416666666666430e+01 1.025505552522861130e+00 8.257532723311574146e-05
1.812500000000000000e+01 1.018114270531091714e+00 -6.197443681815116264e-04
1.814583333333333215e+01 1.004824937094798809e+00 1.520722142178675476e-03
1.816666666666666430e+01 9.966782430793683645e-01 -4.233527318067469773e-04
1.818750000000000000e+01 1.001776183501003503e+00 2.543453180026442311e-03
1.820833333333333215e+01 1.006468676196835554e+00 1.317722386173653506e-03
1.822916666666666430e+01 1.016676547630775085e+00 1.188542121254749628e-03
1.825000000000000000e+01 1.036777862700623887e+00 6.991237267386053375e-04
1.827083333333333215e+01 1.041868549721042925e+00 -1.329619488781934832e-03
1.829166666666666430e+01 1.016311670117144406e+00 -5.388704218884463742e-04
1.831250000000000000e+01 9.841996630444451721e-01 7.159392085715198277e-04
1.833333333333333215e+01 9.621067224948879337e-01 8.469462919846464273e-04
1.835416666666666430e+01 9.708891764031001292e-01 1.633979806351571699e-03
1.837500000000000000e+01 9.825901562810094303e-01 -5.843012620323829488e-04
1.839583333333333215e+01 9.939200295872008262e-01 -1.075191731155829104e-03
1.841666666666666430e+01 1.004186233637381243e+00 1.073880240981913391e-03
1.843750000000000000e+01 1.011960663021731488e+00 -1.012033220050140942e-03
1.845833333333333215e+01 1.021057383932596263e+00 1.091639795088015326e-03
1.847916666666666430e+01 1.013522036380646751e+00 1.499670220518797272e-03
1.850000000000000000e+01 1.007437436156582988e+00 5.701912947838191567e-04
1.852083333333333215e+01 1.007438021994586652e+00 -4.469737899607474012e-04
1.854166666666666430e+01 1.022032050428036021e+00 5.135278267984945823e-05
1.856250000000000000e+01 1.019510347692762720e+00 7.418323995040489779e-04
1.858333333333333215e+01 1.012311210045232279e+00 1.273189839009183055e-05
1.860416666666666430e+01 1.005639778913961724e+00 2.747870423338115778e-03
1.862500000000000000e+01 9.957054029222269786e-01 -1.238338663283936525e-03
1.864583333333333215e+01 9.876151788314879720e-01 -1.253335734212238702e-03
1.866666666666666430e+01 9.754810928505335266e-01 -1.221119233419156510e-03
1.868750000000000000e+01 9.822167131609630397e-01 -7.369749031815195318e-04
1.870833333333333215e+01 1.001982719382711773e+00 -2.723664400243636617e-03
1.872916666666666430e+01 1.027468727478983990e+00 -7.870630336752266250e-04
1.875000000000000000e+01 1.038193730036838902e+00 -8.166058774098613245e-04
1.877083333333333215e+01 1.032020149658770869e+00 9.814253146772036090e-05
1.879166666666666430e+01 1.013561063077961677e+00 5.222507290076018258e-04
1.881250000000000000e+01 9.995478953603745831e-01 -1.550270420509712848e-03
1.883333333333333215e+01 9.854316576512093251e-01 1.125067803455090431e-03
1.885416666666666430e+01 9.705084274810984457e-01 2.252802787238183859e-03
1.887500000000000000e+01 9.763246149877887747e-01 -2.603563788687454574e-04
1.889583333333333215e+01 9.952483003976426712e-01 1.967964046844464503e-03
1.891666666666666430e+01 1.022806166440246800e+00 2.487368680064846668e-04
1.893750000000000000e+01 1.033353137594284155e+00 2.485914898244239064e-03
1.895833333333333215e+01 1.020287784549059884e+00 1.396604332110237823e-03
1.897916666666666430e+01 1.008155700303930535e+00 -1.954880793549707702e-03
1.900000000000000000e+01 1.000383318294439494e+00 2.328421332669432142e-05
1.902083333333333215e+01 9.884438613954471542e-01 1.317906218630097081e-03
1.904166666666666430e+01 9.953815285507837674e-01 3.818322630077110818e-05
1.906250000000000000e+01 1.001951317904661076e+00 -4.610441355633368004e-05
1.908333333333333215e+01 1.023322935199393102e+00 1.587205937892879849e-03
1.910416666666666430e+01 1.030250119458556490e+00 -8.873177276826299618e-04
1.912500000000000000e+01 1.014993658943002863e+00 2.189451659777292194e-05
1.914583333333333215e+01 9.896425497733311039e-01 4.045322057613983530e-04
1.916666666666666430e+01 9.821703030816167912e-01 -4.172387004419552022e-04
1.918750000000000000e+01 9.927950286630318200e-01 -2.516137984692184558e-05
1.920833333333333215e+01 1.008757526864725307e+00 9.687790790302128370e-04
1.922916666666666430e+01 1.013254099671650588e+00 5.410470268749924781e-04
1.925000000000000000e+01 1.017998865950431320e+00 -1.010896914974417039e-03
1.927083333333333215e+01 1.016851256042925922e+00 -1.380154982249077187e-03
1.929166666666666430e+01 1.008185334349475104e+00 -9.863777253208128298e-04
1.931250000000000000e+01 9.957653501401163565e-01 1.560569735608256631e-06
1.933333333333333215e+01 9.816919917962451114e-01 -1.999247346963035292e-04
1.935416666666666430e+01 9.775568264869690660e-01 -1.039946866521405987e-03
1.937500000000000000e+01 9.916433768675333438e-01 -7.476880656456072645e-04
1.939583333333333215e+01 1.010941918965639008e+00 -1.900049106490079567e-03
1.941666666666666430e+01 1.027732200784179817e+00 5.223171290216574057e-04
1.943750000000000000e+01 1.032167430775616790e+00 -5.002340668954115277e-05
1.945833333333333215e+01 1.031665039278932605e+00 -1.574734179256587815e-03
1.947916666666666430e+01 1.014450779669052505e+00 3.577563023472852237e-05
1.950000000000000000e+01 9.840919331807290726e-01 1.678277513137941580e-03
1.952083333333333215e+01 9.664334094808968434e-01 -9.249198162065746165e-04
1.954166666666666430e+01 9.761178125871254885e-01 1.643922082151215436e-03
1.956250000000000000e+01 1.008122798307733436e+00 -4.043218406042797808e-04
1.958333333333333215e+01 1.031823474270213037e+00 2.472852098123347981e-04
1.960416666666666430e+01 1.030339148134127747e+00 1.221885030277316002e-04
1.962500000000000000e+01 1.023466632233206219e+00 1.751904270006556918e-03
1.964583333333333215e+01 1.020661887177465976e+00 1.980423084819146534e-04
1.966666666666666430e+01 1.008654746053122553e+00 -1.427376774004808328e-03
1.968750000000000000e+01 9.934724924461345585e-01 -1.638712963051515556e-03
1.970833333333333215e+01 9.844770020063398075e-01 -1.916151316787659958e-03
1.972916666666666430e+01 9.791569619620342779e-01 -2.139962705117776694e-03
1.975000000000000000e+01 9.888700782066321970e-01 5.766882369460615859e-05
1.977083333333333215e+01 9.888366885504266124e-01 -1.197968100283201874e-03
1.979166666666666430e+01 9.771097150622743976e-01 -1.010145161796762104e-04
1.981250000000000000e+01 9.755876429710600428e-01 -8.798237949880583029e-04
1.983333333333333215e+01 9.893075500312648041e-01 -9.634803758832065704e-04
1.985416666666666430e+01 1.006871954265911917e+00 -6.010566760909114318e-04
1.987500000000000000e+01 1.030444066587869800e+00 8.794819433042354957e-04
1.989583333333333215e+01 1.046553537683423407e+00 1.161431434710863755e-03
1.991666666666666430e+01 1.053095196595127625e+00 4.639656908112990003e-04
1.993750000000000000e+01 1.038770829213479852e+00 -1.237278186933898991e-03
1.995833333333333215e+01 9.999308554696737517e-01 8.045390943166730183e-04
1.997916666666666430e+01 9.699048265956439208e-01 8.611208332599153267e-04
2.000000000000000000e+01 9.726424636355672781e-01 3.433090045155557106e-04
2.002083333333333215e+01 1.001902660636772913e+00 -7.545255450238633112e-04
2.004166666666666430e+01 1.021728448351996832e+00 8.860744692089253353e-04
2.006250000000000000e+01 1.018004452379736469e+00 5.285232183458268059e-04
2.008333333333333215e+01 9.918582007873361084e-01 -3.896070739498907597e-03
2.010416666666666430e+01 9.616219830742319674e-01 8.055650417638028681e-04
2.012500000000000000e+01 9.556250603240645791e-01 -2.392178338576883990e-03
2.014583333333333215e+01 9.614313858160674631e-01 8.294519707392268874e-04
2.016666666666666430e+01 9.798399560458462831e-01 -1.925904980310441368e-04
2.018750000000000000e+01 1.016408856364270807e+00 1.492014600936497669e-03
2.020833333333333215e+01 1.046394880771171154e+00 -1.227015140074131738e-04
2.022916666666666430e+01 1.059049083567474625e+00 -1.108267825070140484e-03
2.025000000000000000e+01 1.039369974670847130e+00 -1.841920807285545795e-04
2.027083333333333215e+01 1.018545218320629608e+00 1.324757868667218209e-03
2.029166666666666430e+01 9.993876679915015826e-01 3.280827232698423405e-05
2.031250000000000000e+01 9.889630688004784620e-01 -1.429189498404709953e-04
2.033333333333333215e+01 9.752590843261493836e-01 9.294418943854212273e-04
2.035416666666666430e+01 9.847914612588267724e-01 2.629492082872661300e-04
2.037500000000000000e+01 9.942840100883443277e-01 -7.409257291539757049e-06
2.039583333333333215e+01 1.011128366069564688e+00 1.707575085504164317e-03
2.041666666666666430e+01 1.006714171136561031e+00 1.943892540073834628e-03
2.043750000000000000e+01 9.878118313347679091e-01 7.666577829108764440e-04
2.045833333333333215e+01 9.779318712791778001e-01 -3.574489393564661576e-04
2.047916666666666430e+01 9.916641521060197695e-01 1.871138741901033934e-03
2.050000000000000000e+01 1.003263254688129935e+00 1.478899446664633764e-03
2.052083333333333215e+01 1.010228362421185855e+00 8.986214569103645250e-04
2.054166666666666430e+01 1.002477329535906403e+00 -1.520095725932326140e-03
2.056250000000000000e+01 9.977395512942793809e-01 1.758398791349511520e-04
2.058333333333333215e+01 9.980218105029791120e-01 -9.295902183760914022e-04
2.060416666666666430e+01 9.958535198293091417e-01 -1.987653144429491620e-04
2.062500000000000000e+01 9.919640702194308934e-01 3.000711616208983669e-04
2.064583333333333215e+01 9.969177306643567382e-01 1.251992601132793502e-04
2.066666666666666430e+01 1.019429331345050649e+00 -5.939688822865605991e-04
2.068750000000000000e+01 1.018947284729126102e+00 1.591192186149888426e-03
2.070833333333333215e+01 1.009101297482767556e+00 -2.120164083539429183e-03
2.072916666666666430e+01 1.003406521215613356e+00 9.127294139120180859e-04
2.075000000000000000e+01 9.809008261197874612e-01 -2.321854089493172353e-03
2.077083333333333215e+01 9.610494591834937150e-01 4.782476709043286239e-04
2.079166666666666430e+01 9.405512388465822049e-01 -1.108630407854844504e-03
2.081250000000000000e+01 9.257045038161648698e-01 1.097879697165663046e-03
2.083333333333333215e+01 9.239019849533669504e-01 1.080656550094918254e-04
2.085416666666666430e+01 9.272896198250800692e-01 3.096329730835303720e-04
2.087500000000000000e+01 9.254638750230623767e-01 -1.272849156958564361e-03
2.089583333333333215e+01 8.909823431471773914e-01 -8.182126687469799039e-04
2.091666666666666430e+01 8.612496818435565471e-01 2.590217417636917147e-04
2.093750000000000000e+01 8.609331854260177108e-01 7.294624086366300166e-04
2.095833333333333215e+01 8.762373997108663382e-01 3.661370302204826864e-03
2.097916666666666430e+01 8.863575058041116561e-01 2.785729038793583931e-04
2.100000000000000000e+01 8.896557893484956514e-01 1.220046906711157132e-03
2.102083333333333215e+01 8.918703839999446714e-01 -1.946167415636575887e-03
2.104166666666666430e+01 8.777971235391873739e-01 -1.662364826667578734e-03
2.106250000000000000e+01 8.773318701551937604e-01 -4.443684682605650326e-04
2.108333333333333215e+01 8.950631800329238441e-01 -1.496784619548208010e-03
2.110416666666666430e+01 9.272787298876924433e-01 1.857999066832980708e-03
2.112500000000000000e+01 9.728087743580445812e-01 -5.127733659754108971e-04
2.114583333333333215e+01 1.005105688001637132e+00 1.727727360491423253e-03
2.116666666666666430e+01 1.004525731172499325e+00 1.858478092607038570e-03
2.118750000000000000e+01 9.851826745600525959e-01 5.347464985445861944e-05
2.120833333333333215e+01 9.798954821948320237e-01 6.272496922595487004e-04
2.122916666666666430e+01 9.773061763810282354e-01 -7.012434167612862832e-05
2.125000000000000000e+01 9.695856695174405182e-01 6.730462504431733136e-04
2.127083333333333215e+01 9.604594256595093693e-01 6.041773147257146863e-04
2.129166666666666430e+01 9.658805433441157717e-01 -1.545620323650383991e-04
2.131250000000000000e+01 9.718659644571400191e-01 6.312124768285504129e-04
2.133333333333333215e+01 9.875543854498446406e-01 2.154620344584077304e-03
2.135416666666666430e+01 9.992198673176947432e-01 8.912702871386721020e-04
2.137500000000000000e+01 1.011494672809060580e+00 4.072495170507819538e-04
2.139583333333333215e+01 1.027412568067239462e+00 1.559619013040155317e-04
2.141666666666666430e+01 1.037011221098902425e+00 -1.265841404710738851e-03
2.143750000000000000e+01 1.037406975376876650e+00 -1.284121096344328179e-03
2.145833333333333215e+01 1.016706254298414214e+00 4.041956643503232774e-04
2.147916666666666430e+01 1.001227236983816438e+00 -1.711738905058946599e-03
2.150000000000000000e+01 9.891055664252722535e-01 -9.579094987044789239e-04
2.152083333333333215e+01 9.818223652923390166e-01 1.601889175455166459e-03
2.154166666666666430e+01 9.823075684678085340e-01 2.392787121328517497e-03
2.156250000000000000e+01 9.747764261577258615e-01 -2.082445095997148207e-03
2.158333333333333215e+01 9.798794526452546672e-01 2.033311952876977295e-03
2.160416666666666430e+01 9.829784705880832973e-01 -2.642978635569457669e-04
2.162500000000000000e+01 9.772777565099388664e-01 -1.875635878920600520e-05
2.164583333333333215e+01 9.708800521171668807e-01 -1.417645383034174457e-04
2.166666666666666430e+01 9.924121853162396478e-01 1.350680158781858908e-03
2.168750000000000000e+01 1.016670857989815380e+00 -2.009595723803971491e-03
2.170833333333333215e+01 1.040415464307541393e+00 5.702045141939167654e-04
2.172916666666666430e+01 1.040470867731156268e+00 -1.181087746735013603e-03
2.175000000000000000e+01 1.030362753905595952e+00 7.134856617269671976e-04
2.177083333333333215e+01 1.018308605391937460e+00 1.928495422866314786e-03
2.179166666666666430e+01 1.012050005373625439e+00 -5.216580157752084442e-07
2.181250000000000000e+01 1.002902982187871661e+00 4.676938574635031783e-04
2.183333333333333215e+01 9.965902023264378018e-01 5.119397227971141454e-04
2.185416666666666430e+01 9.944645520220926072e-01 -9.994918745881125732e-04
2.187500000000000000e+01 9.884778950648419604e-01 1.889549187355398039e-03
2.189583333333333215e+01 9.858468636454961187e-01 2.133085309076236235e-03
2.191666666666666430e+01 9.776561661876934650e-01 8.772292151462862978e-04
2.193750000000000000e+01 9.796246345777941400e-01 9.160679000955684013e-05
2.195833333333333215e+01 9.871980111005933534e-01 -5.773672691928557945e-04
2.197916666666666430e+01 1.008087181347383732e+00 -7.831127789363594030e-04
2.200000000000000000e+01 1.005601856586027631e+00 2.138545728183319575e-03
2.202083333333333215e+01 1.014552803906902945e+00 1.768018803411279668e-03
2.204166666666666430e+01 1.031844333703707761e+00 -7.957686098693678720e-05
2.206250000000000000e+01 1.042493439773373609e+00 -1.974913162088904814e-03
2.208333333333333215e+01 1.038503807665009493e+00 -3.540014837386233886e-03
2.210416666666666430e+01 1.014209479663480407e+00 -1.354283325330349645e-03
2.212500000000000000e+01 9.989626158486083485e-01 -1.632754949938992472e-04
2.214583333333333215e+01 1.000223638016671801e+00 1.750861293053751879e-03
2.216666666666666430e+01 1.012564628738300554e+00 -8.145702613222259320e-04
2.218750000000000000e+01 1.009880646806464499e+00 6.310193204256271367e-04
2.220833333333333215e+01 9.985764315079145303e-01 1.628976202060540687e-03
2.222916666666666430e+01 9.811338423299332812e-01 1.606703960700602040e-04
2.225000000000000000e+01 9.747010853000602770e-01 -1.780598359860516755e-04
2.227083333333333215e+01 9.682951025012977997e-01 -1.635954392798260075e-03
2.229166666666666430e+01 9.807456330230441832e-01 -1.503094135255541100e-03
2.231250000000000000e+01 1.012074059719296537e+00 5.201245430197791626e-04
2.233333333333333215e+01 1.043458436143616552e+00 -2.511344165011584030e-04
2.235416666666666430e+01 1.060489757244021058e+00 1.531641470666269286e-04
2.237500000000000000e+01 1.042875979423896871e+00 -5.909714462030892651e-05
2.239583333333333215e+01 1.009422385981618042e+00 8.301800616983130406e-04
2.241666666666666430e+01 9.804903827456979970e-01 -9.808592642868065731e-04
2.243750000000000000e+01 9.723398471803238463e-01 -4.194758044789586465e-04
2.245833333333333215e+01 9.759934789534961963e-01 2.370227785791430113e-03
2.247916666666666430e+01 9.910690785865322594e-01 -9.997326729822134973e-04
2.250000000000000000e+01 1.016611203837189725e+00 -3.519692885001276411e-04
2.252083333333333215e+01 1.026537529199644805e+00 -7.367333774732116999e-04
2.254166666666666430e+01 1.022774994098075041e+00 5.559767030090627653e-04
2.256250000000000000e+01 9.955403091510173219e-01 1.277990403052586864e-03
2.258333333333333215e+01 9.799831931423740317e-01 -6.227645232326370567e-04
2.260416666666666430e+01 9.879192174814976912e-01 -5.392679263808565319e-04
2.262500000000000000e+01 1.005273179536897210e+00 -3.487270066287878612e-04
2.264583333333333215e+01 1.021426916707674826e+00 6.622922293436971173e-04
2.266666666666666430e+01 1.018734270733451241e+00 -9.242441281377441857e-04
2.268750000000000000e+01 1.005295123918272582e+00 -4.699499574640739500e-04
2.270833333333333215e+01 9.946749895637270189e-01 -2.965242339391269306e-03
2.272916666666666430e+01 9.798559797032047047e-01 -1.727181261868731502e-03
2.275000000000000000e+01 9.685848673973356249e-01 -1.405546950241102686e-04
2.277083333333333215e+01 9.698718181106642522e-01 1.122330216503901771e-03
2.279166666666666430e+01 9.893822027646427264e-01 3.688447291273280206e-04
2.281250000000000000e+01 1.006941985615922741e+00 -1.373460570834124502e-03
2.283333333333333215e+01 1.018774995130891758e+00 -1.750320260159927543e-03
2.285416666666666430e+01 1.023862205756358446e+00 2.183501161227109427e-04
2.287500000000000000e+01 1.029696922147278926e+00 -2.066004552816054409e-03
2.289583333333333215e+01 1.029717785918411010e+00 1.332408523396111160e-03
2.291666666666666430e+01 1.020811893097463896e+00 7.987023956272282818e-05
2.293750000000000000e+01 9.987138181651978863e-01 -2.009150199042572700e-03
2.295833333333333215e+01 9.806172140653812708e-01 -1.207442323552337026e-03
2.297916666666666430e+01 9.777569161607737591e-01 -9.053891490389035478e-04
2.300000000000000000e+01 9.740742200235291692e-01 -9.664906377792984197e-04
2.302083333333333215e+01 9.756919956726007870e-01 -1.862416260276865366e-03
2.304166666666666430e+01 9.719909908624527750e-01 -1.093328152486056516e-03
2.306250000000000000e+01 9.727381811987225735e-01 -8.555019451755327235e-04
2.308333333333333215e+01 9.913136493623767587e-01 -8.891071945130479045e-04
2.310416666666666430e+01 1.000010149532857717e+00 1.409945781166725828e-03
2.312500000000000000e+01 1.016456876739360915e+00 1.310347535340182295e-04
2.314583333333333215e+01 1.028962456868925068e+00 -1.241571521796940416e-03
2.316666666666666430e+01 1.045905040701973432e+00 -4.182770074426525532e-04
2.318750000000000000e+01 1.046743531448621534e+00 -1.099446371639230258e-03
2.320833333333333215e+01 1.014417452137031495e+00 -3.750083237646962306e-04
2.322916666666666430e+01 9.840499604283476920e-01 1.094386441426729081e-03
2.325000000000000000e+01 9.646747442280996232e-01 3.153384757651567314e-04
2.327083333333333215e+01 9.683997170378740860e-01 2.857001476910083111e-03
2.329166666666666430e+01 9.774461669329289615e-01 4.699092822093502522e-04
2.331250000000000000e+01 9.837789346797767287e-01 -1.141993137471383887e-03
2.333333333333333215e+01 9.872419148645394937e-01 1.012175913518059299e-03
2.335416666666666430e+01 9.931881491740232049e-01 1.349914021428169587e-03
2.337500000000000000e+01 9.753910019599382197e-01 1.367708739304929807e-03
2.339583333333333215e+01 9.584950384663426526e-01 -1.367801191293864299e-03
2.341666666666666430e+01 9.529632968981378571e-01 -1.845467681435468757e-04
2.343750000000000000e+01 9.684378376981676029e-01 1.414764946035565853e-03
2.345833333333333215e+01 9.721943638642921437e-01 -2.105911198592426599e-03
2.347916666666666430e+01 9.572533020922855407e-01 -6.242709512775478477e-04
2.350000000000000000e+01 9.248672362555887538e-01 -1.783672106783739438e-03
2.352083333333333215e+01 8.879844794707907329e-01 -1.165712787371266448e-03
2.354166666666666430e+01 8.604095320284320669e-01 -1.265571440929757823e-03
2.356250000000000000e+01 8.437638799631969055e-01 1.563212290679293591e-03
2.358333333333333215e+01 8.294203249407446910e-01 -2.931725436359379879e-04
2.360416666666666430e+01 8.287617288565961582e-01 -1.079194476677228188e-03
2.362500000000000000e+01 8.477085249552748225e-01 -1.294507164230618334e-03
2.364583333333333215e+01 8.753230082888330266e-01 1.770839560894128795e-04
2.366666666666666430e+01 8.924690194760369621e-01 -1.391953417583388475e-05
2.368750000000000000e+01 9.155824751348512480e-01 1.680092968341783712e-03
2.370833333333333215e+01 9.245056750287706793e-01 6.250208698216282470e-04
2.372916666666666430e+01 9.342695544424434173e-01 -1.789747222581296879e-03
2.375000000000000000e+01 9.350926227133264934e-01 -7.862258844890854768e-04
2.377083333333333215e+01 9.302303103789311134e-01 1.337590640088721439e-03
2.379166666666666430e+01 9.303647016722191854e-01 -7.763533721267217155e-04
2.381250000000000000e+01 9.446721438072628318e-01 2.168215218654636310e-03
2.383333333333333215e+01 9.543858757791258141e-01 -1.372861789155933269e-03
2.385416666666666430e+01 9.556700779942841617e-01 7.157666913009877582e-04
2.387500000000000000e+01 9.493582064195565939e-01 -1.076519441748301957e-03
2.389583333333333215e+01 9.575868847800942385e-01 -6.369939161829467605e-04
2.391666666666666430e+01 9.779996697601686106e-01 1.373227060288933219e-03
2.393750000000000000e+01 1.001588254620885188e+00 -1.588339535481461662e-04
2.395833333333333215e+01 1.024083611286639606e+00 1.016815306392633827e-03
2.397916666666666430e+01 1.049571679316768424e+00 5.916132436434993125e-04
2.400000000000000000e+01 1.057658518402285974e+00 9.423321044528759714e-04
2.402083333333333215e+01 1.049260522578285837e+00 -1.110235263856891629e-03
2.404166666666666430e+01 1.026121410982159476e+00 -2.769679977550008865e-04
2.406250000000000000e+01 9.855729838987556946e-01 5.303157726260878443e-04
2.408333333333333215e+01 9.647778972814547993e-01 -1.061341090867075516e-03
2.410416666666666430e+01 9.684273399384112357e-01 2.036875054040410658e-03
2.412500000000000000e+01 9.747956651556153318e-01 -9.715350526939180642e-04
2.414583333333333215e+01 9.868117978080894748e-01 -3.750044711722440327e-04
2.416666666666666430e+01 9.922009090032880563e-01 -1.258198830992797012e-03
2.418750000000000000e+01 9.956722280399790126e-01 -2.679135081548360536e-03
2.420833333333333215e+01 9.926685966298650632e-01 2.246148153218659876e-03
2.422916666666666430e+01 9.864295306946391229e-01 -2.554236711288090586e-04
2.425000000000000000e+01 9.928480030474113871e-01 -5.598935480194253047e-04
2.427083333333333215e+01 1.015754212687137947e+00 -2.483938270884983486e-04
2.429166666666666430e+01 1.037842821761899126e+00 1.774829965245544637e-03
2.431250000000000000e+01 1.038270036248735817e+00 -1.206383260080521680e-03
2.433333333333333215e+01 1.027280426426475435e+00 8.494598322063530915e-04
2.435416666666666430e+01 1.023209762850405102e+00 -5.297353106868454278e-04
2.437500000000000000e+01 1.018422005899162652e+00 -7.458385694228872841e-04
2.439583333333333215e+01 1.013997744644479226e+00 7.088227656502280169e-04
2.441666666666666430e+01 9.943949081831989778e-01 1.235300717178371100e-03
2.443750000000000000e+01 9.708547809458530908e-01 -6.423786878498944286e-04
2.445833333333333215e+01 9.581976933551861197e-01 -9.610614495935124093e-04
2.447916666666666430e+01 9.633934916836547346e-01 -1.461369684152534010e-03
2.450000000000000000e+01 9.737663631068086412e-01 1.379379708410469413e-03
2.452083333333333215e+01 9.790251561663264601e-01 -7.190699935076474850e-04
2.454166666666666430e+01 9.902483098228074265e-01 -2.311413409094313989e-03
2.456250000000000000e+01 1.006378016195278002e+00 1.762440172995182732e-03
2.458333333333333215e+01 1.013192361167022160e+00 -1.712324377441177799e-03
2.460416666666666430e+01 1.023831741730717892e+00 9.743256640738268051e-04
2.462500000000000000e+01 1.037765776820642083e+00 2.292858083344059188e-04
2.464583333333333215e+01 1.054216670339647166e+00 3.598942902690979630e-04
2.466666666666666430e+01 1.056239109210000082e+00 -7.304690941391523947e-04
2.468750000000000000e+01 1.036088439265810290e+00 4.569893252807950682e-04
2.470833333333333215e+01 9.982850111801078175e-01 -2.084724866105296896e-03
2.472916666666666430e+01 9.690665293524267643e-01 7.350471859247661001e-04
2.475000000000000000e+01 9.590714920975770275e-01 1.946262551915200209e-03
2.477083333333333215e+01 9.513730061636934687e-01 1.105033996782907790e-03
2.479166666666666430e+01 9.556998608907378845e-01 -2.524425106733401911e-03
2.481250000000000000e+01 9.795870393547047028e-01 -1.230261252841060226e-03
2.483333333333333215e+01 1.003939816015495312e+00 -2.347436524685086502e-04
2.485416666666666430e+01 1.030641940203019358e+00 6.086716311749158000e-04
2.487500000000000000e+01 1.032311815590725157e+00 -1.333158420752813915e-04
2.489583333333333215e+01 1.021861898872559182e+00 -6.165179838881222531e-04
2.491666666666666430e+01 1.013076773877632952e+00 7.441253846153660263e-04
2.493750000000000000e+01 1.007272462676772173e+00 1.455189707781207953e-03
2.495833333333333215e+01 1.010525721115946629e+00 -2.903675089832466970e-04
2.497916666666666430e+01 1.013204149045668467e+00 9.111623342315492043e-04
2.500000000000000000e+01 1.006272024055222314e+00 -3.223813431486843503e-03
2.502083333333333215e+01 1.004574955946575532e+00 -1.171886732635911595e-03
2.504166666666666430e+01 9.959616826887847107e-01 -4.015736713225119157e-04
2.506250000000000000e+01 9.848782270128692007e-01 -6.107077759432822219e-04
2.508333333333333215e+01 9.844479700697321700e-01 4.159977717555684499e-04
2.510416666666666430e+01 1.002643995645164932e+00 1.267188184372825856e-03
2.512500000000000000e+01 1.019520804666546487e+00 6.333362825354856441e-04
2.514583333333333215e+01 1.021169285023752371e+00 -7.777818396938197517e-04
2.516666666666666430e+01 1.013855643343683388e+00 -1.903460113130232660e-03
2.518750000000000000e+01 1.004842278223509133e+00 6.962051507236088118e-04
2.520833333333333215e+01 1.000554587341441204e+00 -2.297720924587515114e-03
2.522916666666666430e+01 1.010054007262740638e+00 8.162966042580356357e-04
2.525000000000000000e+01 9.996901214781150902e-01 -2.355613526625853222e-04
2.527083333333333215e+01 9.888085046853060112e-01 -1.469793734922786093e-03
2.529166666666666430e+01 9.971254084712720678e-01 3.590716405834909605e-04
2.531250000000000000e+01 1.012465165672595369e+00 -3.595128323751238217e-06
2.533333333333333215e+01 1.012429624791429061e+00 -4.574661614530862796e-05
2.535416666666666430e+01 1.006400140777453878e+00 -1.052791206592425456e-04
2.537500000000000000e+01 9.978982691410775985e-01 5.244051355326769101e-04
2.539583333333333215e+01 9.901507572093821707e-01 1.155542527448136887e-03
2.541666666666666430e+01 9.951805098389202575e-01 6.207689981048144590e-04
2.543750000000000000e+01 1.008739431993476376e+00 1.265166487277886954e-03
2.545833333333333215e+01 1.023298471463331083e+00 -5.517464855975780301e-05
2.547916666666666430e+01 1.036896114057542118e+00 2.023074155289968090e-03
2.550000000000000000e+01 1.026997532008886438e+00 7.138872776622783327e-04
2.552083333333333215e+01 9.978217280140436740e-01 -6.796175371034710554e-04
2.554166666666666430e+01 9.665443555067566583e-01 -1.367368820918006198e-03
2.556250000000000000e+01 9.690128907994486340e-01 2.572460046675999483e-04
2.558333333333333215e+01 9.980643758157763390e-01 -1.633151903653250973e-03
2.560416666666666430e+01 1.026836487237331896e+00 -1.216719959445935681e-03
2.562500000000000000e+01 1.035357806129112435e+00 2.988588504669990615e-04
2.564583333333333215e+01 1.027716212943863505e+00 -7.598593078524426385e-04
2.566666666666666430e+01 1.014123608452263348e+00 -1.166645300283652769e-03
2.568750000000000000e+01 9.955347816069746170e-01 -4.309380761049782084e-05
2.570833333333333215e+01 9.714756395991772653e-01 9.084737387973735668e-05
2.572916666666666430e+01 9.617180312542124021e-01 -2.572925315234220124e-04
2.575000000000000000e+01 9.696044382359653158e-01 -4.719336488241107131e-04
2.577083333333333215e+01 9.944669193042225963e-01 1.068303410890560773e-03
2.579166666666666430e+01 1.021338668948130746e+00 4.280341891085345384e-04
2.581250000000000000e+01 1.039567779826060301e+00 -2.792826402433700394e-04
2.583333333333333215e+01 1.031664847714090838e+00 3.080402416894206970e-03
2.585416666666666430e+01 1.028025471028981341e+00 2.422896711605163479e-04
2.587500000000000000e+01 1.010570727186051565e+00 1.415006417096662233e-03
2.589583333333333215e+01 9.950518974625989221e-01 -7.012262539146955822e-04
2.591666666666666430e+01 9.905820549114241480e-01 -1.703676184010011977e-03
2.593750000000000000e+01 1.003580107528815324e+00 -9.896956445543305531e-04
2.595833333333333215e+01 1.009078403208250263e+00 -3.350122292476398977e-04
2.597916666666666430e+01 1.003835316383925091e+00 -6.207602621618962899e-04
